function [v] = getV()
%GETV Gets a sample vector v that has information about the speeds
%   Generates a vector that has information about the speed of the robots
%   wheels.
v = [
    0.1 0 0;
    0.1 0 0;
    0.1 0 0;
    0.1 0 0;
    0.1 0 0;
    0.1 0 0;
    0.1 0 0;
    0.1 0 0;
    0.1 0 0;
    0.1 0 0;
    0.1 0 0;
    0.1 0 0;
    0.1 0 0;
    0.1 0 0;
    0.1 0 0;
    0.1 0 0;
    0.1 0 0;
    0.1 0 0;
    0.1 0 0;
    0.1 0 0;
    0.1 0 0;
    0.1 0 0;
    0.1 0 0;
    0.1 0 0;
    0.1 0 0;
    0.1 0 0;
    0.1 0 0;
    0.1 0 0;
    0.1 0 0;
    0.1 0 0;
    0.1 0 0;
    0.1 0 0;
    0.1 0 0;
    0.1 0 0;
    0.1 0 0;
    0.1 0 0;
    0.1 0 0;
    0.1 0 0;
    0.1 0 0;
    0.1 0 0;
    0.1 0 0;
    0.1 0 0;
    0.1 0 0;
    0.1 0 0;
    0.1 0 0;
    0.1 0 0;
    0.1 0 0;
    0.1 0 0;
    0.1 0 0;
    0.1 0 0;
    0.1 0 0;
    0.1 0 0;
    0.1 0 0;
    0.1 0 0;
    0.1 0 0;
    0.1 0 0;
    0.1 0 0;
    0.1 0 0;
    0.1 0 0;
    0.1 0 0;
    0.1 0 0;
    0.1 0 0;
    0.1 0 0;
    0.1 0 0;
    0.1 0 0;
    0.1 0 0;
    0.1 0 0;
    0.1 0 0;
    0.1 0 0;
    0.1 0 0;
    0.1 0 0;
    0.1 0 0;
    0.1 0 0;
    0.1 0 0;
    0.1 0 0;
    0.1 0 0;
    0.1 0 0;
    0.1 0.1*pi 0;
    0.1 0.1*pi 0;
    0.1 0.1*pi 0;
    0.1 0.1*pi 0;
    0.1 0.1*pi 0;
    0.1 0.1*pi 0;
    0.1 0.1*pi 0;
    0.1 0.1*pi 0;
    0.1 0.1*pi 0;
    0.1 0.1*pi 0;
    0.1 0 0;
    0.1 0 0;
    0.1 0 0;
    0.1 0 0;
    0.1 0 0;
    0.1 0 0;
    0.1 0 0;
    0.1 0 0;
    0.1 0 0;
    0.1 0 0;
    0.1 0 0;
    0.1 0 0;
    0.1 0 0;
    0.1 0 0;
    0.1 0 0;
    0.1 0 0;
    0.1 0 0;
    0.1 0 0;
    0.1 0 0;
    0.1 0 0;
    0.1 0 0;
    0.1 0 0;
     0.1 0 0;
    0.1 0 0;
    0.1 0 0;
    0.1 0 0;
    0.1 0 0;
    0.1 0 0;
    0.1 0 0;
    0.1 0 0;
    0.1 0 0;
    0.1 0 0;
    0.1 0 0;
    0.1 0 0;
    0.1 0 0;
    0.1 0 0;
    0.1 0 0;
    0.1 0 0;
    0.1 0 0;
     0.1 0 0;
    0.1 0 0;
    0.1 0 0;
    0.1 0 0;
    0.1 0 0;
    0.1 0 0;
    0.1 0 0;
    0.1 0 0;
    0.1 0 0;
    0.1 0 0;
    0.1 0 0;
    0.1 0 0;
    0.1 0 0;
    0.1 0 0;
    0.1 0 0;
    0.1 0 0;
    0.1 0 0;
    0.1 0 0;
    0.1 0 0;
    0.1 0 0;
    0.1 0 0;
    0.1 0 0;
    0.1 0 0;
    0.1 0 0;
    0.1 0 0;
    0.1 0 0;
    0.1 0 0;
    0.1 0 0;
    0.1 0 0;
    0.1 0 0;
    0.1 0 0;
    0.1 0 0;
    0.1 0 0;
    0.1 0 0;
    0.1 0 0;
    0.1 0 0;
    0.1 0 0;
    0.1 0 0;
    0.1 0 0;
    0.1 0 0;
    0.1 0 0;
    0.1 0.1*pi 0;
    0.1 0.1*pi 0;
    0.1 0.1*pi 0;
    0.1 0.1*pi 0;
    0.1 0.1*pi 0;
    0.1 0.1*pi 0;
    0.1 0.1*pi 0;
    0.1 0.1*pi 0;
    0.1 0.1*pi 0;
    0.1 0.1*pi 0;
    0.1 0 0;
    0.1 0 0;
    0.1 0 0;
    0.1 0 0;
    0.1 0 0;
    0.1 0 0;
    0.1 0 0;
    0.1 0 0;
    0.1 0 0;
    0.1 0 0;
    0.1 0 0;
    0.1 0 0;
    0.1 0 0;
    0.1 0 0;
    0.1 0 0;
    0.1 0 0;
    0.1 0 0;
    0.1 0 0;
    0.1 0 0;
    0.1 0 0;
    0.1 0 0;
    0.1 0 0;
    0.1 0 0;
    0.1 0 0;
    0.1 0 0;
    0.1 0 0;
    0.1 0 0;
    0.1 0 0;
    0.1 0 0;
    0.1 0 0;
    0.1 0 0;
    0.1 0 0;
    0.1 0 0;
    0.1 0 0;
    0.1 0 0;
    0.1 0 0;
    0.1 0 0;
    0.1 0 0;
    0.1 0 0;
    0.1 0 0;
    0.1 0 0;
    0.1 0 0;
    0.1 0 0;
    0.1 0 0;
    0.1 0 0;
    0.1 0 0;
    0.1 0.1*pi 0;
    0.1 0.1*pi 0;
    0.1 0.1*pi 0;
    0.1 0.1*pi 0;
    0.1 0.1*pi 0;
    0.1 0 0;
    0.1 0 0;
    0.1 0 0;
    0.1 0 0;
    0.1 0 0;
    0.1 0 0;
    0.1 0 0;
    0.1 0 0;
    0.1 0 0;
    0.1 0 0;
    0.1 0 0;
    0.1 0 0;
    0.1 0 0;
    0.1 0 0;
    0.1 0 0;
    0.1 0 0;
    0.1 0 0;
    0.1 0 0;
    0.1 0 0;
    0.1 0 0;
    0.1 0 0;
    0.1 0 0;
    0.1 0 0;
    0.1 0 0;
    0.1 0 0;
    0.1 0 0;
    0.1 0 0;
    0.1 0 0;
    0.1 0 0;
    0.1 0 0;
    0.1 0 0;
    0.1 0 0;
    0.1 0 0;
    0.1 0 0;
    0.1 0 0;
    0.1 0 0;
    0.1 0 0;
    0.1 0 0;
    0.1 0 0;
    0.1 0 0;
    0.1 0 0;
    0.1 0 0;
    0.1 0 0;
    0.1 0 0;
    0.1 0 0;
    0.1 0 0;
    0.1 -0.1*pi 0;
    0.1 -0.1*pi 0;
    0.1 -0.1*pi 0;
    0.1 -0.1*pi 0;
    0.1 -0.1*pi 0;
    0.1 0 0;
    0.1 0 0;
    0.1 0 0;
    0.1 0 0;
    0.1 0 0;
    0.1 0 0;
    0.1 0 0;
    0.1 0 0;
    0.1 0 0;
    0.1 0 0;
    0.1 0 0;
    0.1 0 0;
    0.1 0 0;
    0.1 0 0;
    0.1 0 0;
    0.1 0 0;
    0.1 0 0;
    0.1 0 0;
    0.1 0 0;
    0.1 0 0;
    0.1 0 0;
    0.1 0 0;
    0.1 0 0;
    0.1 0 0;
    0.1 0 0;
    0.1 0 0;
    0.1 0 0;
    0.1 0 0;
    0.1 0 0;
    0.1 0 0;
    0.1 0 0;
    0.1 0 0;
    0.1 0 0;
    0.1 0 0;
    0.1 0 0;
    0.1 0 0;
    0.1 0 0;
    0.1 0 0;
    0.1 0 0;
    0.1 0 0;
    0.1 0 0;
    0.1 0 0;
    0.1 0 0;
    0.1 0 0;
    0.1 0 0;
    0.1 0 0;
    0.1 0.1*pi 0;
    0.1 0.1*pi 0;
    0.1 0.1*pi 0;
    0.1 0.1*pi 0;
    0.1 0.1*pi 0;
    0.1 0 0;
    0.1 0 0;
    0.1 0 0;
    0.1 0 0;
    0.1 0 0;
    0.1 0 0;
    0.1 0 0;
    0.1 0 0;
    0.1 0 0;
    0.1 0 0;
    0.1 0 0;
    0.1 0 0;
    0.1 0 0;
    0.1 0 0;
    0.1 0 0;
    0.1 0 0;
    0.1 0 0;
    0.1 0 0;
    0.1 0 0;
    0.1 0 0;
    0.1 0 0;
    0.1 0 0;
    0.1 0 0;
    0.1 0 0;
    0.1 0 0;
    0.1 0 0;
    0.1 0 0;
    0.1 0 0;
    0.1 0 0;
    0.1 0 0;
    0.1 0 0;
    0.1 0 0;
    0.1 0 0;
    0.1 0 0;
    0.1 0 0;
    0.1 0 0;
    0.1 0 0;
    0.1 0 0;
    0.1 0 0;
    0.1 0 0;
    0.1 0 0;
    0.1 0 0;
    0.1 0 0;
    0.1 0 0;
    0.1 0 0;
    0.1 0 0;
    0.1 0.1*pi 0;
    0.1 0.1*pi 0;
    0.1 0.1*pi 0;
    0.1 0.1*pi 0;
    0.1 0.1*pi 0;
    0.1 0 0;
    0.1 0 0;
    0.1 0 0;
    0.1 0 0;
    0.1 0 0;
    0.1 0 0;
    0.1 0 0;
    0.1 0 0;
    0.1 0 0;
    0.1 0 0;
    0.1 0 0;
    0.1 0 0;
    0.1 0 0;
    0.1 0 0;
    0.1 0 0;
    0.1 0 0;
    0.1 0 0;
    0.1 0 0;
    0.1 0 0;
    0.1 0 0;
    0.1 0 0;
    0.1 0 0;
    0.1 0 0;
    0.1 0 0;
    0.1 0 0;
    0.1 0 0;
    0.1 0 0;
    0.1 0 0;
    0.1 0 0;
    0.1 0 0;
    0.1 0 0;
    0.1 0 0;
    0.1 0 0;
    0.1 0 0;
    0.1 0 0;
    0.1 0 0;
    0.1 0 0;
    0.1 0 0;
    0.1 0 0;
    0.1 0 0;
    0.1 0 0;
    0.1 0 0;
    0.1 0 0;
    0.1 0 0;
    0.1 0 0;
    0.1 0 0;
    0.1 0 0;
    0.1 0 0;
    0.1 0 0;
    0.1 0 0;
    0.1 0 0;
    0.1 0 0;
    0.1 0 0;
    0.1 0 0;
    0.1 0 0;
    0.1 0 0;
    0.1 0 0;
    0.1 0 0;
    0.1 0 0;
    0.1 0 0;
    0.1 0 0;
    0.1 0 0;
    0.1 0 0;
    0.1 0 0;
    0.1 0 0;
    0.1 0 0;
    0.1 0 0;
    0.1 0 0;
    0.1 0 0;
    0.1 0 0;
    0.1 0 0;
    0.1 0 0;
    0.1 0 0;
    0.1 0 0;
    0.1 0 0;
    0.1 0 0;
    0.1 0 0;
    0.1 0 0;
    0.1 0 0;
    0.1 0 0;
    0.1 0 0;
    0.1 0 0;
    0.1 0 0;
    0.1 0 0;
    0.1 0 0;
    0.1 0 0;
    0.1 0 0;
    0.1 0 0;
    0.1 0 0;
    0.1 0 0;
    0.1 0 0;
    0.1 0 0;
    0.1 0 0;
    0.1 0 0;
    0.1 0 0;
    0.1 0 0;
    0.1 0 0;
    0.1 0 0;
    0.1 0 0;
    0.1 0 0;
    0.1 0 0;
    0.1 0 0;
    0.1 0 0;
    0.1 0 0;
    0.1 0 0;
    0.1 0 0;
    0.1 0 0;
    0.1 0 0;
    0.1 0 0;
    0.1 0 0;
    0.1 0 0;
    0.1 0.1*pi 0;
    0.1 0.1*pi 0;
    0.1 0.1*pi 0;
    0.1 0.1*pi 0;
    0.1 0.1*pi 0;
    0.1 0.1*pi 0;
    0.1 0.1*pi 0;
    0.1 0.1*pi 0;
    0.1 0.1*pi 0;
    0.1 0.1*pi 0;
    0.1 0 0;
    0.1 0 0;
    0.1 0 0;
    0.1 0 0;
    0.1 0 0;
    0.1 0 0;
    0.1 0 0;
    0.1 0 0;
    0.1 0 0;
    0.1 0 0;
    0.1 0 0;
    0.1 0 0;
    0.1 0 0;
    0.1 0 0;
    0.1 0 0;
    0.1 0 0;
    0.1 0 0;
    0.1 0 0;
    0.1 0 0;
    0.1 0 0;
    0.1 0 0;
    0.1 0 0;
    0.1 0 0;
    0.1 0 0;
    0.1 0 0;
    0.1 0 0;
    0.1 0 0;
    0.1 0 0;
    0.1 0 0;
    0.1 0 0;
    0.1 0 0;
    0.1 0 0;
    0.1 0 0;
    0.1 0 0;
    0.1 0 0;
    0.1 0 0;
    0.1 0 0;
    0.1 0 0;
    0.1 0 0;
    0.1 0 0;
    0.1 0 0;
    0.1 0 0;
    0.1 0 0;
    0.1 0 0;
    0.1 0 0;0.1 0 0;
    0.1 0 0;
    0.1 0 0;
    0.1 0 0;
    0.1 0 0;
    0.1 0 0;
    0.1 0 0;
    0.1 0 0;
    0.1 0 0;
    0.1 0 0;
    0.1 0 0;
    0.1 0 0;
    0.1 0 0;
    0.1 0 0;
    0.1 0 0;0.1 0 0;
    0.1 0 0;
    0.1 0 0;
    0.1 0 0;
    0.1 0 0;
    0.1 0 0;
    0.1 0 0;
    0.1 0 0;
    0.1 0 0;
    0.1 0 0;
    0.1 0 0;
    0.1 0 0;
    0.1 0 0;
    0.1 0 0;
    0.1 0 0;0.1 0 0;
    0.1 0 0;
    0.1 0 0;
    0.1 0 0;
    0.1 0 0;
